Date,States,Positive,Negative,Recovered,Date_Checked,Death,Hospitalized,Total_Test_Results,Death_Increase,Hospitalized_Increase,Negative_Increase,Positive_Increase,Total_Test_Results_Increase
20200423,56,859318,3800932.0,63547.0,2020-04-23T20:00:00Z,44014.0,91108.0,4660250,1911.0,5643.0,161309.0,32170.0,193479.0
20200422,56,827148,3639623.0,61519.0,2020-04-22T20:00:00Z,42103.0,85465.0,4466771,2108.0,1173.0,284162.0,27022.0,311184.0
20200421,56,800126,3355461.0,58117.0,2020-04-21T20:00:00Z,39995.0,84292.0,4155587,2674.0,1413.0,124434.0,27106.0,151540.0
20200420,56,773020,3231027.0,54438.0,2020-04-20T20:00:00Z,37321.0,82879.0,4004047,1528.0,1998.0,114366.0,23534.0,137900.0
20200419,56,749486,3116661.0,53630.0,2020-04-19T20:00:00Z,35793.0,80881.0,3866147,1654.0,2042.0,140309.0,26920.0,167229.0
20200418,56,722566,2976352.0,51390.0,2020-04-18T20:00:00Z,34139.0,78839.0,3698918,1774.0,884.0,113379.0,27580.0,140959.0
20200417,56,694986,2862973.0,44139.0,2020-04-17T20:00:00Z,32365.0,77955.0,3557959,2069.0,3250.0,125169.0,31219.0,156388.0
20200416,56,663767,2737804.0,42032.0,2020-04-16T20:00:00Z,30296.0,74705.0,3401571,2136.0,5102.0,127705.0,30757.0,158462.0
20200415,56,633010,2610099.0,39405.0,2020-04-15T20:00:00Z,28160.0,69603.0,3243109,2492.0,2056.0,131186.0,30334.0,161520.0
20200414,56,602676,2478913.0,37645.0,2020-04-14T20:00:00Z,25668.0,67547.0,3081589,2299.0,4874.0,120681.0,25774.0,146455.0
20200413,56,576902,2358232.0,35442.0,2020-04-13T20:00:00Z,23369.0,62673.0,2935134,1450.0,1472.0,104166.0,24949.0,129115.0
20200412,56,551953,2254066.0,34151.0,2020-04-12T20:00:00Z,21919.0,61201.0,2806019,1496.0,2652.0,111243.0,29217.0,140460.0
20200411,56,522736,2142823.0,31631.0,2020-04-11T20:00:00Z,20423.0,58549.0,2665559,1935.0,2207.0,106793.0,29878.0,136671.0
20200410,56,492858,2036030.0,29054.0,2020-04-10T20:00:00Z,18488.0,56342.0,2528888,2064.0,4291.0,119310.0,34543.0,153853.0
20200409,56,458315,1916720.0,24869.0,2020-04-09T20:00:00Z,16424.0,52051.0,2375035,1866.0,3134.0,127920.0,34216.0,162136.0
20200408,56,424099,1788800.0,21141.0,2020-04-08T20:00:00Z,14558.0,48917.0,2212899,1912.0,3417.0,109926.0,30171.0,140097.0
20200407,56,393928,1678874.0,18477.0,2020-04-07T20:00:00Z,12646.0,45500.0,2072802,1926.0,2302.0,117662.0,30409.0,148071.0
20200406,56,363519,1561212.0,16584.0,2020-04-06T20:00:00Z,10720.0,43198.0,1924731,1166.0,2975.0,120496.0,28748.0,149244.0
20200405,56,334771,1440716.0,14542.0,2020-04-05T20:00:00Z,9554.0,40223.0,1775487,1175.0,2556.0,96629.0,25965.0,122594.0
20200404,56,308806,1344087.0,12840.0,2020-04-04T20:00:00Z,8379.0,37667.0,1652893,1353.0,4166.0,195732.0,33518.0,229250.0
20200403,56,275288,1148355.0,10861.0,2020-04-03T20:00:00Z,7026.0,33501.0,1423643,1191.0,3303.0,99957.0,31994.0,131951.0
20200402,56,243294,1048398.0,8586.0,2020-04-02T20:00:00Z,5835.0,30198.0,1291692,1089.0,4141.0,93881.0,28058.0,121939.0
20200401,56,215236,954517.0,7084.0,2020-04-01T20:00:00Z,4746.0,26057.0,1169753,943.0,3890.0,78230.0,25175.0,103405.0
20200331,56,190061,876287.0,5666.0,2020-03-31T20:00:00Z,3803.0,22167.0,1066348,820.0,3656.0,82491.0,24474.0,106965.0
20200330,56,165587,793796.0,4560.0,2020-03-30T20:00:00Z,2983.0,18511.0,959383,516.0,2248.0,97424.0,21218.0,118642.0
20200329,56,144369,696372.0,4061.0,2020-03-29T20:00:00Z,2467.0,16263.0,840741,466.0,2514.0,73593.0,19480.0,93073.0
20200328,56,124889,622779.0,3148.0,2020-03-28T20:00:00Z,2001.0,13749.0,747668,427.0,2208.0,88530.0,19363.0,107893.0
20200327,56,105526,534249.0,2422.0,2020-03-27T20:00:00Z,1574.0,11541.0,639775,366.0,2394.0,91968.0,18659.0,110627.0
20200326,56,86867,442281.0,97.0,2020-03-26T20:00:00Z,1208.0,9147.0,529148,277.0,3711.0,79090.0,17309.0,96399.0
20200325,56,69558,363191.0,147.0,2020-03-25T20:00:00Z,931.0,5436.0,432749,225.0,1345.0,66606.0,12289.0,78895.0
20200324,56,57269,296585.0,,2020-03-24T20:00:00Z,706.0,4091.0,353854,197.0,833.0,56425.0,10164.0,66589.0
20200323,56,47105,240160.0,,2020-03-23T20:00:00Z,509.0,3258.0,287265,83.0,760.0,45054.0,10678.0,55732.0
20200322,56,36427,195106.0,,2020-03-22T20:00:00Z,426.0,2498.0,231533,129.0,534.0,37570.0,8960.0,46530.0
20200321,56,27467,157536.0,,2020-03-21T20:00:00Z,297.0,1964.0,185003,50.0,1964.0,38566.0,6531.0,45097.0
20200320,56,20936,118970.0,,2020-03-20T20:00:00Z,247.0,,139906,62.0,0.0,30031.0,5776.0,35807.0
20200319,56,15160,88939.0,,2020-03-19T20:00:00Z,185.0,,104099,43.0,0.0,21771.0,4197.0,25968.0
20200318,56,10963,67168.0,,2020-03-18T20:00:00Z,142.0,,78131,23.0,0.0,19115.0,2576.0,21691.0
20200317,56,8387,48053.0,,2020-03-17T20:00:00Z,119.0,,56440,22.0,0.0,11949.0,2191.0,14140.0
20200316,56,6196,36104.0,,2020-03-16T20:00:00Z,97.0,,42300,21.0,0.0,13480.0,1280.0,14760.0
20200315,51,4916,22624.0,,2020-03-15T20:00:00Z,76.0,,27540,13.0,0.0,5522.0,1058.0,6580.0
20200314,51,3858,17102.0,,2020-03-14T20:00:00Z,63.0,,20960,8.0,0.0,3489.0,755.0,4244.0
20200313,51,3103,13613.0,,2020-03-13T20:00:00Z,55.0,,16716,4.0,0.0,5572.0,875.0,6447.0
20200312,51,2228,8041.0,,2020-03-12T20:00:00Z,51.0,,10269,8.0,0.0,1935.0,464.0,2399.0
20200311,51,1764,6106.0,,2020-03-11T20:00:00Z,43.0,,7870,6.0,0.0,2294.0,392.0,2686.0
20200310,51,1372,3812.0,,2020-03-10T20:00:00Z,37.0,,5184,2.0,0.0,468.0,318.0,786.0
20200309,51,1054,3344.0,,2020-03-09T20:00:00Z,35.0,,4398,4.0,0.0,1009.0,320.0,1329.0
20200308,51,734,2335.0,,2020-03-08T20:00:00Z,31.0,,3069,4.0,0.0,496.0,183.0,679.0
20200307,51,551,1839.0,,2020-03-07T21:00:00Z,27.0,,2390,1.0,0.0,251.0,156.0,407.0
20200306,37,395,1588.0,,2020-03-06T21:00:00Z,26.0,,1983,6.0,0.0,618.0,118.0,736.0
20200305,25,277,970.0,,2020-03-05T21:00:00Z,20.0,,1247,4.0,0.0,211.0,68.0,279.0
20200304,16,209,759.0,,2020-03-04T21:00:00Z,16.0,,968,2.0,0.0,753.0,115.0,868.0
20200303,3,94,6.0,,2020-03-03T21:00:00Z,14.0,,100,3.0,0.0,6.0,41.0,47.0
20200302,3,53,,,2020-03-02T21:00:00Z,11.0,,53,3.0,0.0,0.0,13.0,13.0
20200301,3,40,,,2020-03-01T21:00:00Z,8.0,,40,3.0,0.0,0.0,22.0,22.0
20200229,1,18,,,2020-02-29T21:00:00Z,5.0,,18,1.0,0.0,0.0,9.0,9.0
20200228,1,9,,,2020-02-28T21:00:00Z,4.0,,9,4.0,0.0,0.0,7.0,7.0
20200227,1,2,,,2020-02-27T21:00:00Z,,,2,0.0,0.0,0.0,0.0,0.0
20200226,1,2,,,2020-02-26T21:00:00Z,,,2,0.0,0.0,0.0,0.0,0.0
20200225,1,2,,,2020-02-25T21:00:00Z,,,2,0.0,0.0,0.0,0.0,0.0
20200224,1,2,,,2020-02-24T21:00:00Z,,,2,0.0,0.0,0.0,0.0,0.0
20200223,1,2,,,2020-02-23T21:00:00Z,,,2,0.0,0.0,0.0,0.0,0.0
20200222,1,2,,,2020-02-22T21:00:00Z,,,2,0.0,0.0,0.0,0.0,0.0
20200221,1,2,,,2020-02-21T21:00:00Z,,,2,0.0,0.0,0.0,0.0,0.0
20200220,1,2,,,2020-02-20T21:00:00Z,,,2,0.0,0.0,0.0,0.0,0.0
20200219,1,2,,,2020-02-19T21:00:00Z,,,2,0.0,0.0,0.0,0.0,0.0
20200218,1,2,,,2020-02-18T21:00:00Z,,,2,0.0,0.0,0.0,0.0,0.0
20200217,1,2,,,2020-02-17T21:00:00Z,,,2,0.0,0.0,0.0,0.0,0.0
20200216,1,2,,,2020-02-16T21:00:00Z,,,2,0.0,0.0,0.0,0.0,0.0
20200215,1,2,,,2020-02-15T21:00:00Z,,,2,0.0,0.0,0.0,0.0,0.0
20200214,1,2,,,2020-02-14T21:00:00Z,,,2,0.0,0.0,0.0,0.0,0.0
20200213,1,2,,,2020-02-13T21:00:00Z,,,2,0.0,0.0,0.0,0.0,0.0
20200212,1,2,,,2020-02-12T21:00:00Z,,,2,0.0,0.0,0.0,0.0,0.0
20200211,1,2,,,2020-02-11T21:00:00Z,,,2,0.0,0.0,0.0,0.0,0.0
20200210,1,2,,,2020-02-10T21:00:00Z,,,2,0.0,0.0,0.0,0.0,0.0
20200209,1,2,,,2020-02-09T21:00:00Z,,,2,0.0,0.0,0.0,0.0,0.0
20200208,1,2,,,2020-02-08T21:00:00Z,,,2,0.0,0.0,0.0,0.0,0.0
20200207,1,2,,,2020-02-07T21:00:00Z,,,2,0.0,0.0,0.0,1.0,1.0
20200206,1,1,,,2020-02-06T21:00:00Z,,,1,0.0,0.0,0.0,0.0,0.0
20200205,1,1,,,2020-02-05T21:00:00Z,,,1,0.0,0.0,0.0,0.0,0.0
20200204,1,1,,,2020-02-04T21:00:00Z,,,1,0.0,0.0,0.0,0.0,0.0
20200203,1,1,,,2020-02-03T21:00:00Z,,,1,0.0,0.0,0.0,0.0,0.0
20200202,1,1,,,2020-02-02T21:00:00Z,,,1,0.0,0.0,0.0,0.0,0.0
20200201,1,1,,,2020-02-01T21:00:00Z,,,1,0.0,0.0,0.0,0.0,0.0
20200131,1,1,,,2020-01-31T21:00:00Z,,,1,0.0,0.0,0.0,0.0,0.0
20200130,1,1,,,2020-01-30T21:00:00Z,,,1,0.0,0.0,0.0,0.0,0.0
20200129,1,1,,,2020-01-29T21:00:00Z,,,1,0.0,0.0,0.0,0.0,0.0
20200128,1,1,,,2020-01-28T21:00:00Z,,,1,0.0,0.0,0.0,0.0,0.0
20200127,1,1,,,2020-01-27T21:00:00Z,,,1,0.0,0.0,0.0,0.0,0.0
20200126,1,1,,,2020-01-26T21:00:00Z,,,1,0.0,0.0,0.0,0.0,0.0
20200125,1,1,,,2020-01-25T21:00:00Z,,,1,0.0,0.0,0.0,0.0,0.0
20200124,1,1,,,2020-01-24T21:00:00Z,,,1,0.0,0.0,0.0,0.0,0.0
20200123,1,1,,,2020-01-23T21:00:00Z,,,1,0.0,0.0,0.0,0.0,0.0
20200122,1,1,,,2020-01-22T21:00:00Z,,,1,,,,,
